.0 .0 .0 .0 .0 .0 .0 .0 .0 .0 .0 .0 .0 .0 .0 .0 .0 .0 .0 .0 .0 .0 .0 .0 .0 
.0 .0 .0 .0 .0 .0 .0 .0 .0 .0 .0 .0 .0 .0 .0 .0 .0 .0 .0 .0 .0 .0 .0 .0 .0 
<<<<<<< HEAD
.0 .0 .0 .0 .0 .0 .0 .0 .0 .0 .0 .0 .0 .0 .0 .0 .0 .0 .0 .0 .0 .0 .0 .0 .0 
.0 .0 .0 .0 .0 .0 .0 .0 .0 .0 .0 .0 .0 .0 .0 .0 .0 .0 .0 .0 .0 .0 .0 .0 .0 
.0 .0 .0 .0 .0 .0 .0 .0 .0 .0 .0 .1 .1 .1 .0 .0 .0 .0 .0 .0 .0 .0 .0 .0 .0 
.0 .0 .0 .0 .0 .0 .0 .0 .0 .0 .0 .1 .1 .1 .0 .0 .0 .0 .0 .0 .0 .0 .0 .0 .0 
.0 .0 .0 .0 .0 .0 .0 .0 .0 .0 .0 .1 -1 .1 -1 -1 .0 .0 .0 .0 .0 .0 .0 .0 .0 
.0 .0 .0 .0 .0 .0 .0 .0 .0 .0 .0 .0 -1 -1 -1 -1 .0 .0 .0 .0 .0 .0 .0 .0 .0 
.0 .0 .0 .0 .0 .0 .0 .0 .0 .0 .0 .0 -1 -1 -1 -1 .0 .0 .0 .0 .0 .0 .0 .0 .0 
.0 .0 .0 .0 .0 .0 .0 .0 .0 .0 .0 .0 -4 -1 -1 -1 .0 .0 .0 .0 .0 .0 .0 .0 .0 
.0 .0 .0 .0 .0 .0 .0 .0 .0 .0 .0 .0 -1 -1 .2 -1 .2 .0 .0 .0 .0 .0 .0 .0 .0 
.0 .0 .0 .0 .0 .0 .0 .0 .0 .0 .3 .3 .3 -1 .2 .2 .2 .0 .0 .0 .0 .0 .0 .0 .0 
.0 .0 .0 .0 .0 .0 .0 .0 .0 .0 .3 -3 .3 -1 .2 .2 -2 .0 .0 .0 .0 .0 .0 .0 .0 
.0 .0 .0 .0 .0 .0 .0 .0 .0 .0 .3 .3 .3 -1 -1 -1 -1 .0 .0 .0 .0 .0 .0 .0 .0 
.0 .0 .0 .0 .0 .0 .0 .0 .0 .0 .0 -1 -1 -5 -1 -1 -1 -1 -1 -1 .0 .0 .0 .0 .0 
.0 .0 .0 .0 .0 .0 .0 .0 .0 .0 .0 -1 -1 -1 -1 -1 -1 -1 -1 -1 -1 .0 .0 .0 .0 
.0 .0 .0 .0 .0 .0 .0 .0 .0 .0 .0 -1 -1 -1 -1 -1 -1 -1 -1 -1 -1 .0 .0 .0 .0 
.0 .0 .0 .0 .0 .0 .0 .0 .0 .0 .0 .0 -1 -1 -3 -1 -1 -1 -1 -1 -1 .0 .0 .0 .0 
.0 .0 .0 .0 .0 .0 .0 .0 .0 .0 .0 .4 -4 -2 -1 -1 .0 -1 -1 -1 -1 .0 .0 .0 .0 
.0 .0 .0 .0 .0 .0 .0 .0 .0 .0 .0 .4 .4 .4 .0 .0 .0 -1 -1 -1 -1 .0 .0 .0 .0 
.0 .0 .0 .0 .0 .0 .0 .0 .0 .0 .0 .4 .4 .4 .0 .0 .0 -1 .5 .5 .5 .0 .0 .0 .0 
.0 .0 .0 .0 .0 .0 .0 .0 .0 .0 .0 .0 .0 .0 .0 .0 .0 -1 .5 .5 -5 .0 .0 .0 .0 
.0 .0 .0 .0 .0 .0 .0 .0 .0 .0 .0 .0 .0 .0 .0 .0 .0 .0 .5 .5 .5 .0 .0 .0 .0 
=======
.0 .0 .0 .0 .0 .0 .0 .0 .0 .0 .0 .0 .0 .0 .0 .0 .0 .0 .0 .0 .0 .0 .0 .0 .0 
.0 .0 .0 .0 .0 .0 .0 .0 .0 .0 .0 .0 .0 .0 .0 .0 .0 .0 .0 .0 .0 .0 .0 .0 .0 
.0 .0 .0 .0 .0 .0 .0 .0 .0 .0 .0 .0 .0 .0 .0 .0 .0 .0 .0 .0 .0 .0 .0 .0 .0 
.0 .0 .0 .0 .0 .0 .0 .0 .0 .0 .0 .0 .0 .0 .0 .0 .0 .0 .0 .0 .0 .0 .0 .0 .0 
.0 .0 .0 .0 .0 .0 .0 .0 .0 .0 .0 .0 .0 .0 .0 .0 .0 .0 .0 .0 .0 .0 .0 .0 .0 
.0 .0 .0 .1 .1 -1 -1 -1 -1 .0 .0 .0 .0 .0 .0 .0 .0 .0 .0 .0 .0 .0 .0 .0 .0 
.0 .0 .0 .1 .1 .1 -1 -1 -1 .0 .0 .0 .0 .0 .0 .0 .0 .0 .0 .0 .0 .0 .0 .0 .0 
.0 .0 .0 .1 .1 .1 -1 -1 -1 .0 .0 .0 .0 .0 .0 .0 .0 .0 .0 .0 .0 .0 .0 .0 .0 
.0 .0 .0 .0 .0 -1 -1 -1 -1 -1 .0 .2 .2 -2 -1 .0 .0 .0 .0 .0 .0 .0 .0 .0 .0 
.0 .0 .0 .0 .0 -1 -1 -1 -1 -1 .0 .2 .2 .2 -1 .0 .0 .0 .0 .0 .0 .0 .0 .0 .0 
.0 .0 .0 .0 .0 -1 -1 -1 -1 -1 .0 .2 .2 .2 -1 .0 .0 .0 .0 .0 .0 .0 .0 .0 .0 
.0 .0 .0 .0 .0 .0 -1 .3 -3 -4 -1 -1 -1 -1 -1 -1 -1 -1 .0 .0 .0 .0 .0 .0 .0 
.0 .0 .0 .0 .0 .0 .0 .3 .3 .3 -1 -1 -1 -1 -1 -1 -1 -1 -1 .0 .0 .0 .0 .0 .0 
.0 .0 .0 .0 .0 .0 .0 .3 .3 .3 .0 .0 .0 -1 -1 .0 .0 -1 -1 .0 .0 .0 .0 .0 .0 
.0 .0 .0 .0 .0 .0 .0 .0 .0 .0 .0 .0 .0 -1 -1 .0 .0 -1 -1 .0 .0 .4 .4 .4 .0 
.0 .0 .0 .0 .0 .0 .0 .0 .0 .0 .0 .0 .0 -1 -1 -1 -1 -1 .4 .4 .4 .4 .4 .4 .0 
.0 .0 .0 .0 .0 .0 .0 .0 .0 .0 .0 .0 .0 -1 -1 -1 -1 -1 -4 .4 .4 .4 .4 .4 .0 
.0 .0 .0 .0 .0 .0 .0 .0 .0 .0 .0 .0 .0 .0 -1 -1 -1 -1 -2 .4 .4 .0 .0 .0 .0 
.0 .0 .0 .0 .0 .0 .0 .0 .0 .0 .0 .0 .0 .0 .0 .0 .0 .0 .0 .0 .0 .0 .0 .0 .0 
.0 .0 .0 .0 .0 .0 .0 .0 .0 .0 .0 .0 .0 .0 .0 .0 .0 .0 .0 .0 .0 .0 .0 .0 .0 
.0 .0 .0 .0 .0 .0 .0 .0 .0 .0 .0 .0 .0 .0 .0 .0 .0 .0 .0 .0 .0 .0 .0 .0 .0 
>>>>>>> a05b80475654dcae3780ac2d1546b3b831ca5c07
.0 .0 .0 .0 .0 .0 .0 .0 .0 .0 .0 .0 .0 .0 .0 .0 .0 .0 .0 .0 .0 .0 .0 .0 .0 
.0 .0 .0 .0 .0 .0 .0 .0 .0 .0 .0 .0 .0 .0 .0 .0 .0 .0 .0 .0 .0 .0 .0 .0 .0 
